[protester.jpg]
filters=finetune2=1,0.000000,0.000000,0.207719,00000000,0.000000;
moddate=007d96fa34f2cd01
width=425
height=282
textactive=0
